ΑΠΟΤΕΛΕΣΜΑΤΑ ΑΝΑΛΥΣΗΣ
===================

1) ΣΥΝΟΨΗ CLEANING
-----------------
Σύνολο παικτών (γραμμές): 12844

Στήλη               Valid     Missing
------------------------------------------
age                      12844           0
player_height            12844           0
player_weight            12844           0
gp                       12844           0
pts                      12844           0
reb                      12844           0
ast                      12843           1
net_rating               12844           0
oreb_pct                 12842           2
dreb_pct                 12844           0
usg_pct                  12843           1
ts_pct                   12843           1
ast_pct                  12843           1

2) ΒΑΣΙΚΑ ΣΤΑΤΙΣΤΙΚΑ (ανά numeric στήλη)
--------------------------------------
Στήλη                Mean      Median    Variance    N(valid)
------------------------------------------------------------------
age                    27.0453     26.0000     18.8287       12844
player_height         200.5551    200.6600     83.0120       12844
player_weight         100.2633     99.7902    154.4211       12844
gp                     51.1542     57.0000    629.2524       12844
pts                     8.2126      6.7000     36.1992       12844
reb                     3.5585      3.0000      6.1399       12844
ast                     1.8247      1.2000      3.2433       12843
net_rating             -2.2263     -1.3000    160.4054       12844
oreb_pct                0.0541      0.0400      0.0019       12842
dreb_pct                0.1406      0.1305      0.0039       12844
usg_pct                 0.1846      0.1810      0.0029       12843
ts_pct                  0.5132      0.5250      0.0103       12843
ast_pct                 0.1316      0.1030      0.0089       12843

3) ΠΙΝΑΚΑΣ ΣΥΣΧΕΤΙΣΗΣ (Correlation Matrix)
-----------------------------------------
Pearson correlation για όλα τα ζεύγη στηλών (pairwise, αγνοεί NaN).

                 age player_he player_we        gp       pts       reb       ast net_ratin  oreb_pct  dreb_pct   usg_pct    ts_pct   ast_pct
age            1.000    -0.008     0.064     0.057     0.011     0.037     0.092     0.093    -0.055     0.019    -0.114     0.025     0.069
player_he     -0.008     1.000     0.822     0.005    -0.055     0.424    -0.443    -0.003     0.590     0.614    -0.104     0.077    -0.609
player_we      0.064     0.822     1.000     0.023    -0.025     0.438    -0.372     0.004     0.600     0.606    -0.066     0.071    -0.522
gp             0.057     0.005     0.023     1.000     0.536     0.471     0.383     0.248    -0.015     0.068     0.147     0.368     0.132
pts            0.011    -0.055    -0.025     0.536     1.000     0.625     0.664     0.215    -0.125     0.056     0.641     0.373     0.337
reb            0.037     0.424     0.438     0.471     0.625     1.000     0.248     0.188     0.408     0.612     0.233     0.313    -0.063
ast            0.092    -0.443    -0.372     0.383     0.664     0.248     1.000     0.163    -0.338    -0.192     0.397     0.174     0.803
net_ratin      0.093    -0.003     0.004     0.248     0.215     0.188     0.163     1.000     0.056     0.048     0.027     0.313     0.064
oreb_pct      -0.055     0.590     0.600    -0.015    -0.125     0.408    -0.338     0.056     1.000     0.555    -0.100     0.061    -0.424
dreb_pct       0.019     0.614     0.606     0.068     0.056     0.612    -0.192     0.048     0.555     1.000    -0.007     0.105    -0.317
usg_pct       -0.114    -0.104    -0.066     0.147     0.641     0.233     0.397     0.027    -0.100    -0.007     1.000     0.119     0.339
ts_pct         0.025     0.077     0.071     0.368     0.373     0.313     0.174     0.313     0.061     0.105     0.119     1.000     0.022
ast_pct        0.069    -0.609    -0.522     0.132     0.337    -0.063     0.803     0.064    -0.424    -0.317     0.339     0.022     1.000

